0.4899600148200989
0.6168400049209595
0.6675199866294861
0.6987199783325195
0.72434002161026
0.745639979839325
0.7608199715614319
0.774940013885498
0.7846599817276001
0.7948799729347229
0.8027799725532532
0.8118199706077576
0.8197600245475769
0.8224599957466125
0.8314999938011169
0.8367199897766113
0.8406199812889099
0.8468000292778015
0.8496999740600586
0.8553599715232849
0.8851400017738342
0.8953800201416016
0.9010199904441833
0.9029200077056885
0.9027400016784668
0.9049999713897705
0.9076200127601624
0.9089000225067139
0.9079999923706055
0.909500002861023
0.9114800095558167
0.911899983882904
0.9137600064277649
0.9130399823188782
0.9152200222015381
0.9155799746513367
0.9160400032997131
0.9182000160217285
0.9186800122261047
0.9182800054550171
0.9243999719619751
0.9243199825286865
0.9250199794769287
0.9251000285148621
0.9244999885559082
0.9246799945831299
0.926580011844635
0.9233400225639343
0.9257000088691711
0.9262199997901917
0.9252200126647949
0.9261599779129028
0.9265400171279907
0.9258400201797485
0.9279599785804749
0.9259399771690369
0.9266999959945679
0.9270600080490112
0.9266600012779236
0.9255399703979492
0.9269999861717224
0.926360011100769
0.9269800186157227
0.9271199703216553
0.9254400134086609
0.9266800284385681
0.9284399747848511
0.9269000291824341
0.9270600080490112
0.9284399747848511
0.927299976348877
0.9271000027656555
0.9275400042533875
0.9282799959182739
0.9287400245666504
0.928600013256073
0.9268199801445007
0.9274799823760986
0.9279400110244751
0.9266800284385681
0.9284399747848511
0.9284399747848511
0.9286800026893616
0.9287599921226501
0.9275199770927429
0.926800012588501
0.927079975605011
0.9285200238227844
0.9258800148963928
0.9280200004577637
0.9270600080490112
0.9275199770927429
0.9291599988937378
0.9279400110244751
0.9274200201034546
0.9255399703979492
0.9272199869155884
0.9283400177955627
0.9273800253868103
0.9259799718856812