1.462868332862854
1.1027491092681885
0.9585204720497131
0.8679810166358948
0.7958250641822815
0.7423754930496216
0.6970833539962769
0.655833899974823
0.6251986026763916
0.5971221923828125
0.5751767158508301
0.5515855550765991
0.5292556881904602
0.511123776435852
0.4940864145755768
0.4774101972579956
0.46442753076553345
0.4502968490123749
0.43767210841178894
0.4230998158454895
0.34732651710510254
0.3197813928127289
0.3116975724697113
0.3058929145336151
0.3020741045475006
0.2975460886955261
0.2922322452068329
0.28876960277557373
0.2879147529602051
0.2835286557674408
0.2793464660644531
0.2769249379634857
0.27356356382369995
0.2731121778488159
0.27073734998703003
0.26875540614128113
0.266853392124176
0.2622137665748596
0.2610588073730469
0.2608940899372101
0.2483607977628708
0.24773389101028442
0.24487809836864471
0.24380621314048767
0.24545791745185852
0.24612173438072205
0.24194292724132538
0.24568578600883484
0.24501730501651764
0.2425159364938736
0.2457147091627121
0.24270549416542053
0.240731343626976
0.2426864206790924
0.2388032227754593
0.24208316206932068
0.240073561668396
0.24087685346603394
0.24218019843101501
0.2404535412788391
0.2382967621088028
0.23876872658729553
0.2388411909341812
0.23937267065048218
0.2403564602136612
0.24042928218841553
0.23736010491847992
0.2406567633152008
0.23944273591041565
0.23731794953346252
0.23881793022155762
0.2402302771806717
0.2381974458694458
0.23603713512420654
0.23813888430595398
0.2374398112297058
0.23810391128063202
0.23887436091899872
0.23881229758262634
0.2371235340833664
0.23777195811271667
0.23735062777996063
0.23737727105617523
0.23620392382144928
0.23739436268806458
0.23762384057044983
0.23789416253566742
0.23714278638362885
0.2398013323545456
0.2371247410774231
0.23890651762485504
0.2381126582622528
0.23608744144439697
0.2384796142578125
0.23649519681930542
0.2395133227109909
0.2382681965827942
0.236866757273674
0.23850823938846588
0.2407817393541336