0.53329998254776
0.6707199811935425
0.7218199968338013
0.7545999884605408
0.7786399722099304
0.7945399880409241
0.8095200061798096
0.8203799724578857
0.8312000036239624
0.8400200009346008
0.8433200120925903
0.8491399884223938
0.8575800061225891
0.862060010433197
0.8686000108718872
0.8720399737358093
0.8770999908447266
0.8811399936676025
0.8845000267028809
0.8870999813079834
0.914139986038208
0.9251199960708618
0.9276000261306763
0.9317399859428406
0.9322400093078613
0.9348199963569641
0.9353600144386292
0.9362800121307373
0.9403600096702576
0.9410600066184998
0.9414399862289429
0.9419000148773193
0.9424600005149841
0.9424999952316284
0.944379985332489
0.9444599747657776
0.9466000199317932
0.9464399814605713
0.9478399753570557
0.9473400115966797
0.9503399729728699
0.952459990978241
0.952239990234375
0.9513000249862671
0.9530199766159058
0.9521399736404419
0.9536399841308594
0.9536399841308594
0.9534199833869934
0.9543399810791016
0.9528399705886841
0.9541599750518799
0.954800009727478
0.9528399705886841
0.9539999961853027
0.9540600180625916
0.9547799825668335
0.9546200037002563
0.9541400074958801
0.9546599984169006
0.9549199938774109
0.9563199877738953
0.9547200202941895
0.9561200141906738
0.9543799757957458
0.9542999863624573
0.9551399946212769
0.9549599885940552
0.956059992313385
0.9541199803352356
0.9545199871063232
0.9560999870300293
0.9553999900817871
0.9555799961090088
0.9557999968528748
0.9545599818229675
0.9552800059318542
0.956820011138916
0.9555000066757202
0.954259991645813
0.9541800022125244
0.9551600217819214
0.9552800059318542
0.9559800028800964
0.9564599990844727
0.9556000232696533
0.9560199975967407
0.9554399847984314
0.9552599787712097
0.9545800089836121
0.9557200074195862
0.9545199871063232
0.9554399847984314
0.9559999704360962
0.9563000202178955
0.9553599953651428
0.9541400074958801
0.9542999863624573
0.9535999894142151
0.9541599750518799
