1.3062717914581299
0.9336090087890625
0.793499767780304
0.7038395404815674
0.6352227926254272
0.5930922031402588
0.5517249703407288
0.5140847563743591
0.49250370264053345
0.46384352445602417
0.4468856155872345
0.42829257249832153
0.4103359878063202
0.3925429582595825
0.37704959511756897
0.3622530400753021
0.35166293382644653
0.33869698643684387
0.33034878969192505
0.31885918974876404
0.2508143484592438
0.21550752222537994
0.213576540350914
0.19988033175468445
0.1976151019334793
0.19381584227085114
0.18899187445640564
0.18614988029003143
0.17862901091575623
0.1772734373807907
0.17251579463481903
0.16923169791698456
0.1683083176612854
0.16685785353183746
0.16369695961475372
0.16379410028457642
0.15818040072917938
0.1596047729253769
0.15496329963207245
0.1524079442024231
0.14724506437778473
0.1427551954984665
0.1420888453722
0.14365029335021973
0.1424175351858139
0.1417447030544281
0.1390654444694519
0.137618288397789
0.13914445042610168
0.13663271069526672
0.13990312814712524
0.13651719689369202
0.13747002184391022
0.13841278851032257
0.1358058750629425
0.13594475388526917
0.13469986617565155
0.13553088903427124
0.13604238629341125
0.1348617672920227
0.13477066159248352
0.1317848414182663
0.13325263559818268
0.1326875239610672
0.1361546814441681
0.13375604152679443
0.13364389538764954
0.13378071784973145
0.13198888301849365
0.1369873583316803
0.13559302687644958
0.13232846558094025
0.13244213163852692
0.13441045582294464
0.13227374851703644
0.1341497302055359
0.13486620783805847
0.1303432136774063
0.13285386562347412
0.13490784168243408
0.1341368407011032
0.13472327589988708
0.13333576917648315
0.134566992521286
0.13153688609600067
0.1338355541229248
0.1331884264945984
0.13250406086444855
0.13354822993278503
0.13420501351356506
0.1320158839225769
0.1347152292728424
0.13259440660476685
0.1327405422925949
0.13141244649887085
0.1321476548910141
0.13563109934329987
0.13459613919258118
0.13532736897468567
0.13466542959213257
