0.1163799986243248
0.12501999735832214
0.12707999348640442
0.1603199988603592
0.21491999924182892
0.29958000779151917
0.34769999980926514
0.3733600080013275
0.3939799964427948
0.4080199897289276
0.4169600009918213
0.44780001044273376
0.4376400113105774
0.5079200267791748
0.5594000220298767
0.5797200202941895
0.6035599708557129
0.5838199853897095
0.5376200079917908
0.4251599907875061
0.5159199833869934
0.615559995174408
0.64683997631073
0.6712200045585632
0.6815999746322632
0.6961399912834167
0.7045000195503235
0.7102599740028381
0.718559980392456
0.7228000164031982
0.7307999730110168
0.7353799939155579
0.738860011100769
0.7443000078201294
0.749180018901825
0.7531800270080566
0.7581800222396851
0.758899986743927
0.7607399821281433
0.7670400142669678
0.7713000178337097
0.7786800265312195
0.7799800038337708
0.7793800234794617
0.7803400158882141
0.7797799706459045
0.7824400067329407
0.7827200293540955
0.7821199893951416
0.780460000038147
0.7847800254821777
0.7840800285339355
0.7854999899864197
0.7872800230979919
0.7836800217628479
0.7837799787521362
0.7863600254058838
0.7848399877548218
0.7869399785995483
0.78711998462677
0.7882400155067444
0.7870200276374817
0.7889800071716309
0.788320004940033
0.7891600131988525
0.7884600162506104
0.7898200154304504
0.789900004863739
0.7879400253295898
0.7882000207901001
0.7896199822425842
0.7887399792671204
0.7903000116348267
0.7905799746513367
0.7885000109672546
0.7883800268173218
0.7893800139427185
0.7889000177383423
0.790120005607605
0.7906000018119812
0.7914599776268005
0.788320004940033
0.7900199890136719
0.7925599813461304
0.7899399995803833
0.7922199964523315
0.7900000214576721
0.7887799739837646
0.7891600131988525
0.7888200283050537
0.7897999882698059
0.7905600070953369
0.7882400155067444
0.7900199890136719
0.7896400094032288
0.7888399958610535
0.7923799753189087
0.7902200222015381
0.79093998670578
0.7890200018882751
