2.2974836826324463
2.293466806411743
2.2831168174743652
2.242964744567871
2.15246319770813
1.9411039352416992
1.8268765211105347
1.7618322372436523
1.7175310850143433
1.6748242378234863
1.654576063156128
1.6064549684524536
1.6100692749023438
1.4696015119552612
1.3073546886444092
1.2413372993469238
1.1741772890090942
1.225928544998169
1.3506906032562256
1.6356583833694458
1.3431466817855835
1.110883116722107
1.0187482833862305
0.9605490565299988
0.9204193949699402
0.8848097920417786
0.8619589805603027
0.8410674929618835
0.815900444984436
0.8039706945419312
0.7813956141471863
0.7732483744621277
0.7601304054260254
0.7460715770721436
0.734095573425293
0.7211049199104309
0.7119816541671753
0.7036575078964233
0.697056770324707
0.6797045469284058
0.6594500541687012
0.6456176042556763
0.638299286365509
0.6424160003662109
0.6339539289474487
0.6373703479766846
0.6328699588775635
0.6330828666687012
0.6274600028991699
0.6335586905479431
0.625125527381897
0.6278893947601318
0.6222714185714722
0.6191748976707458
0.6220525503158569
0.6226915717124939
0.6164215207099915
0.620586633682251
0.6162100434303284
0.61317378282547
0.6094357967376709
0.6130307912826538
0.6074080467224121
0.6135372519493103
0.6104146838188171
0.611743152141571
0.609463095664978
0.6110191941261292
0.609477162361145
0.6087738275527954
0.6119816303253174
0.6087994575500488
0.6067132949829102
0.6077340245246887
0.6094629168510437
0.6122008562088013
0.6079201698303223
0.6069647073745728
0.6073514223098755
0.6051430702209473
0.6044363975524902
0.6096530556678772
0.6074004173278809
0.6045220494270325
0.608280599117279
0.6036446690559387
0.6076493859291077
0.6096634268760681
0.6094478368759155
0.6071025133132935
0.607519268989563
0.604793131351471
0.610224723815918
0.6072487235069275
0.6034659147262573
0.6085641980171204
0.6041848659515381
0.6048201322555542
0.603517472743988
0.608679473400116
