0.5015599727630615
0.6490600109100342
0.7039200067520142
0.7387800216674805
0.7644000053405762
0.7832599878311157
0.7962999939918518
0.8103799819946289
0.8192600011825562
0.8271600008010864
0.8360999822616577
0.8430200219154358
0.8472599983215332
0.8554999828338623
0.8601599931716919
0.8651000261306763
0.8672999739646912
0.874239981174469
0.8759400248527527
0.8804200291633606
0.9040799736976624
0.913320004940033
0.9154000282287598
0.9204199910163879
0.9236800074577332
0.9228000044822693
0.9261400103569031
0.9266999959945679
0.9280200004577637
0.9292600154876709
0.9305400252342224
0.9325799942016602
0.9324600100517273
0.9325000047683716
0.9337400197982788
0.9354400038719177
0.9371600151062012
0.9372400045394897
0.9378399848937988
0.9388399720191956
0.9428200125694275
0.9406200051307678
0.9417799711227417
0.942799985408783
0.9413999915122986
0.9441199898719788
0.9415599703788757
0.9426000118255615
0.9436600208282471
0.9434800148010254
0.9445400238037109
0.9431999921798706
0.9437199831008911
0.9428200125694275
0.9442999958992004
0.9453399777412415
0.9438400268554688
0.9432399868965149
0.9467200040817261
0.9435999989509583
0.9446399807929993
0.9454600214958191
0.9454399943351746
0.9455000162124634
0.9455400109291077
0.9440199732780457
0.9455599784851074
0.9445199966430664
0.9453200101852417
0.9449800252914429
0.9454200267791748
0.9465799927711487
0.9450799822807312
0.9455000162124634
0.9443399906158447
0.945360004901886
0.9455400109291077
0.9464399814605713
0.9442600011825562
0.9456400275230408
0.9458799958229065
0.9455999732017517
0.9462199807167053
0.9470199942588806
0.9459800124168396
0.9447399973869324
0.9446200132369995
0.9447399973869324
0.9454799890518188
0.9445199966430664
0.9459199905395508
0.9454200267791748
0.9464200139045715
0.9459999799728394
0.9458000063896179
0.9463000297546387
0.9460800290107727
0.9442999958992004
0.9469599723815918
0.9462599754333496