1.37409245967865
0.9951848387718201
0.8389579057693481
0.7455224394798279
0.6796137690544128
0.6283566951751709
0.586763322353363
0.5531283020973206
0.5218523144721985
0.4989040493965149
0.4734833836555481
0.4537481963634491
0.43856191635131836
0.42081406712532043
0.4015011787414551
0.3902696967124939
0.3808812201023102
0.3634958267211914
0.3537215292453766
0.3433757722377777
0.27642562985420227
0.24846336245536804
0.24140453338623047
0.23019111156463623
0.22310000658035278
0.22038179636001587
0.21327580511569977
0.21229977905750275
0.20644737780094147
0.20452836155891418
0.20021185278892517
0.19384098052978516
0.19311876595020294
0.19037668406963348
0.18759691715240479
0.1843378245830536
0.17983271181583405
0.17991229891777039
0.17908068001270294
0.17597316205501556
0.16498123109340668
0.16792696714401245
0.16472429037094116
0.16520097851753235
0.16631615161895752
0.1622774600982666
0.16531482338905334
0.16194584965705872
0.1635400801897049
0.16030314564704895
0.15933549404144287
0.16247542202472687
0.1599258929491043
0.1609836369752884
0.16033218801021576
0.15861234068870544
0.1601407378911972
0.1607230305671692
0.1553049087524414
0.15904352068901062
0.1571725755929947
0.15541663765907288
0.15662293136119843
0.15566027164459229
0.15562587976455688
0.15905602276325226
0.1579631119966507
0.157118558883667
0.15599139034748077
0.15655258297920227
0.15474314987659454
0.15511690080165863
0.15819846093654633
0.15506163239479065
0.15927423536777496
0.15854229032993317
0.15795309841632843
0.15368551015853882
0.15764674544334412
0.1540510505437851
0.1552467942237854
0.1570255309343338
0.15660645067691803
0.15288230776786804
0.15380989015102386
0.15862558782100677
0.15769731998443604
0.15617863833904266
0.15684877336025238
0.15638960897922516
0.1544220745563507
0.15714360773563385
0.1547851413488388
0.15539617836475372
0.15617235004901886
0.15314291417598724
0.15711787343025208
0.15757136046886444
0.15283191204071045
0.15602737665176392