0.2889400124549866
0.4370400011539459
0.5451800227165222
0.6010199785232544
0.6405799984931946
0.6689199805259705
0.691100001335144
0.7108399868011475
0.7278199791908264
0.7399399876594543
0.7495999932289124
0.7573599815368652
0.7651600241661072
0.7762399911880493
0.7796000242233276
0.7868199944496155
0.7885400056838989
0.7946199774742126
0.7980200052261353
0.8016600012779236
0.8468800187110901
0.8631200194358826
0.8661999702453613
0.870140016078949
0.8716800212860107
0.8763999938964844
0.876039981842041
0.8778200149536133
0.8785200119018555
0.8810799717903137
0.8845999836921692
0.882420003414154
0.8859400153160095
0.8876399993896484
0.8885599970817566
0.8898800015449524
0.8895999789237976
0.8918399810791016
0.8924000263214111
0.8935999870300293
0.9013199806213379
0.9034000039100647
0.9039199948310852
0.9051600098609924
0.9055600166320801
0.9081400036811829
0.9067800045013428
0.905019998550415
0.9045199751853943
0.9064800143241882
0.9071000218391418
0.9052000045776367
0.9079800248146057
0.9069200158119202
0.9071199893951416
0.906499981880188
0.9072999954223633
0.9078599810600281
0.9081799983978271
0.906719982624054
0.9077200293540955
0.9094200134277344
0.9085999727249146
0.9107800126075745
0.9097399711608887
0.9085999727249146
0.9089800119400024
0.9089800119400024
0.9093400239944458
0.9086400270462036
0.9081799983978271
0.9082199931144714
0.9087600111961365
0.9095199704170227
0.9081400036811829
0.9097800254821777
0.9093800187110901
0.9088600277900696
0.9089800119400024
0.9090999960899353
0.9082000255584717
0.9092199802398682
0.9085000157356262
0.9085000157356262
0.9089400172233582
0.9091799855232239
0.9086199998855591
0.9083799719810486
0.9098799824714661
0.9090399742126465
0.9078999757766724
0.909500002861023
0.9092400074005127
0.9096400141716003
0.910260021686554
0.9101999998092651
0.9090200066566467
0.910099983215332
0.9091799855232239
0.9068599939346313
