1.9570857286453247
1.5343427658081055
1.269183874130249
1.1185246706008911
1.0170994997024536
0.9418959617614746
0.8798156380653381
0.8289036154747009
0.7850136756896973
0.7525904774665833
0.7197450995445251
0.6934010982513428
0.6708436608314514
0.6490901708602905
0.6347997784614563
0.6156163811683655
0.6021716594696045
0.5877829194068909
0.5801159739494324
0.5694943070411682
0.43795067071914673
0.39288780093193054
0.380948543548584
0.3738917112350464
0.3653322756290436
0.3596137464046478
0.3530580997467041
0.34901997447013855
0.3443623185157776
0.3385842442512512
0.3289780616760254
0.33040791749954224
0.32516157627105713
0.31946879625320435
0.31537213921546936
0.3117636442184448
0.3102527856826782
0.3069154620170593
0.30343809723854065
0.2988704442977905
0.28189224004745483
0.2731950879096985
0.27414169907569885
0.27021026611328125
0.2678528428077698
0.2668934166431427
0.26548850536346436
0.2653587758541107
0.26485180854797363
0.26583749055862427
0.26474425196647644
0.26675429940223694
0.2649787366390228
0.2628351151943207
0.2652973532676697
0.26339057087898254
0.2630843222141266
0.2593633830547333
0.26187649369239807
0.25984397530555725
0.2606903910636902
0.25728580355644226
0.2597067058086395
0.2552748918533325
0.25705572962760925
0.2589658200740814
0.25546011328697205
0.25604164600372314
0.2582552433013916
0.25738903880119324
0.25589850544929504
0.2573413848876953
0.2567824423313141
0.25804516673088074
0.2586444020271301
0.2580508589744568
0.258417546749115
0.25628963112831116
0.2585076093673706
0.25769665837287903
0.2584277391433716
0.25741416215896606
0.25810620188713074
0.2585059106349945
0.25742781162261963
0.25604310631752014
0.25866320729255676
0.2580479383468628
0.2531088590621948
0.2563449740409851
0.25798457860946655
0.256479412317276
0.25673601031303406
0.2584138810634613
0.25183945894241333
0.2540995180606842
0.2558661997318268
0.25568801164627075
0.25556135177612305
0.2576121389865875
