0.2384600043296814
0.4057599902153015
0.5442000031471252
0.6173200011253357
0.6645600199699402
0.6970800161361694
0.7145599722862244
0.7281000018119812
0.7398200035095215
0.7491199970245361
0.7529799938201904
0.7582200169563293
0.7611600160598755
0.7609000205993652
0.763260006904602
0.7647200226783752
0.7613800168037415
0.7597799897193909
0.7533599734306335
0.7582399845123291
0.8082200288772583
0.8327800035476685
0.8415399789810181
0.8482000231742859
0.850380003452301
0.8543400168418884
0.8583599925041199
0.8618800044059753
0.862779974937439
0.8640599846839905
0.8657799959182739
0.8704000115394592
0.8712999820709229
0.8747000098228455
0.8741599917411804
0.876259982585907
0.8764399886131287
0.8797799944877625
0.8794800043106079
0.882860004901886
0.8891199827194214
0.8899800181388855
0.8891000151634216
0.8892599940299988
0.8882200121879578
0.891539990901947
0.8930799961090088
0.893060028553009
0.8916000127792358
0.8951200246810913
0.8934999704360962
0.8928800225257874
0.8923599720001221
0.8940200209617615
0.8945800065994263
0.8945199847221375
0.8956000208854675
0.893779993057251
0.8955600261688232
0.8942999839782715
0.8958600163459778
0.8976399898529053
0.8960400223731995
0.8965200185775757
0.8967999815940857
0.8956999778747559
0.8955600261688232
0.8949000239372253
0.8965799808502197
0.8967000246047974
0.8938199877738953
0.8962399959564209
0.8965799808502197
0.8979200124740601
0.8965399861335754
0.8964200019836426
0.895799994468689
0.8967599868774414
0.8978400230407715
0.8970999717712402
0.8974400162696838
0.897159993648529
0.8962000012397766
0.89683997631073
0.8966000080108643
0.8970199823379517
0.8969200253486633
0.8972600102424622
0.89656001329422
0.8959800004959106
0.8970999717712402
0.8959000110626221
0.8964599967002869
0.8961799740791321
0.896399974822998
0.8972799777984619
0.8961600065231323
0.8986999988555908
0.8948400020599365
0.8962000012397766
