2.0636096000671387
1.6482123136520386
1.2586102485656738
1.0655386447906494
0.9418944716453552
0.8659383654594421
0.8166047930717468
0.7786378860473633
0.7470489740371704
0.720483124256134
0.7108809351921082
0.6954431533813477
0.6867294311523438
0.6912865042686462
0.6865848302841187
0.6847211718559265
0.6923606991767883
0.6943090558052063
0.7123042345046997
0.6985461115837097
0.5586669445037842
0.4830504357814789
0.4595297574996948
0.4376354217529297
0.4307386577129364
0.4173111319541931
0.408134400844574
0.3983214497566223
0.39607658982276917
0.3886164724826813
0.38389790058135986
0.37422725558280945
0.3679009675979614
0.3640693724155426
0.3598998486995697
0.35161206126213074
0.35023748874664307
0.34316152334213257
0.3411913216114044
0.33757707476615906
0.31824952363967896
0.3101247549057007
0.3107265532016754
0.3138982355594635
0.312051385641098
0.3068608343601227
0.3033628463745117
0.3033958673477173
0.3007371425628662
0.3009895980358124
0.3011244237422943
0.3011651337146759
0.30494463443756104
0.2972846031188965
0.3008589744567871
0.29896244406700134
0.2965755760669708
0.29866403341293335
0.2975803017616272
0.29923126101493835
0.2940903306007385
0.2907172441482544
0.2927582859992981
0.2912976145744324
0.2934268116950989
0.29248344898223877
0.2948395013809204
0.29435309767723083
0.2928869426250458
0.29235777258872986
0.29471880197525024
0.2933278977870941
0.291279673576355
0.2902495861053467
0.2945668697357178
0.2921808660030365
0.2925643026828766
0.29256367683410645
0.28982964158058167
0.29342323541641235
0.29128846526145935
0.2896510660648346
0.2925693690776825
0.29119330644607544
0.29020145535469055
0.292514443397522
0.29151856899261475
0.29170912504196167
0.2910485565662384
0.2898591160774231
0.29187121987342834
0.2911562919616699
0.2911573350429535
0.29389259219169617
0.29216325283050537
0.2926402688026428
0.293540358543396
0.29097259044647217
0.2954380214214325
0.29395124316215515
