0.5247600078582764
0.6686000227928162
0.7214199900627136
0.7518399953842163
0.7752599716186523
0.7946199774742126
0.8097599744796753
0.8176000118255615
0.8269400000572205
0.8358399868011475
0.8434399962425232
0.8512200117111206
0.8558200001716614
0.8610799908638
0.866320013999939
0.8713600039482117
0.8751800060272217
0.8809599876403809
0.8852199912071228
0.8870000243186951
0.9121800065040588
0.9205800294876099
0.9251599907875061
0.9269000291824341
0.9301199913024902
0.9328600168228149
0.9329000115394592
0.934220016002655
0.9339200258255005
0.9363800287246704
0.9369800090789795
0.9382399916648865
0.9389600157737732
0.9386799931526184
0.9394999742507935
0.9408599734306335
0.9417799711227417
0.9423800110816956
0.9436799883842468
0.9450200200080872
0.947160005569458
0.946399986743927
0.9478999972343445
0.950659990310669
0.948639988899231
0.9476799964904785
0.9487800002098083
0.9490799903869629
0.9486799836158752
0.9495999813079834
0.9482799768447876
0.9511799812316895
0.9506400227546692
0.9490799903869629
0.9490799903869629
0.9491199851036072
0.9501199722290039
0.949400007724762
0.9492999911308289
0.949400007724762
0.9498999714851379
0.9508000016212463
0.949999988079071
0.951200008392334
0.9513400197029114
0.9515399932861328
0.9510200023651123
0.9517199993133545
0.9501199722290039
0.9510599970817566
0.9508600234985352
0.9513599872589111
0.9498800039291382
0.9508200287818909
0.9493200182914734
0.9499599933624268
0.9511799812316895
0.950439989566803
0.9518799781799316
0.951479971408844
0.9506999850273132
0.950760006904602
0.9519799947738647
0.952019989490509
0.9508399963378906
0.9502400159835815
0.9504200220108032
0.9505400061607361
0.9510200023651123
0.9521999955177307
0.9511799812316895
0.9517999887466431
0.9498800039291382
0.9511600136756897
0.9517599940299988
0.950219988822937
0.9506199955940247
0.9505800008773804
0.949180006980896
0.9492599964141846