1.3405426740646362
0.9502564072608948
0.8011415600776672
0.7135934233665466
0.6475573182106018
0.5945063233375549
0.5523184537887573
0.5269195437431335
0.4948837161064148
0.4693310260772705
0.45252612233161926
0.42907360196113586
0.41474440693855286
0.39564248919487
0.3811319172382355
0.3685189187526703
0.35731035470962524
0.34169551730155945
0.32896462082862854
0.32384711503982544
0.2551800310611725
0.22955116629600525
0.21832308173179626
0.21387964487075806
0.20713479816913605
0.2014179527759552
0.19910717010498047
0.19208674132823944
0.19472919404506683
0.1883346438407898
0.1870584636926651
0.18148978054523468
0.17923793196678162
0.17887859046459198
0.17613482475280762
0.1732979714870453
0.1712965965270996
0.1673569679260254
0.16410300135612488
0.16212233901023865
0.15812170505523682
0.1579662263393402
0.15497224032878876
0.149546280503273
0.1514509916305542
0.153128519654274
0.15105018019676208
0.15060096979141235
0.1525147408246994
0.14994268119335175
0.152169331908226
0.1483069509267807
0.14885765314102173
0.15209583938121796
0.1489119827747345
0.14892350137233734
0.14809592068195343
0.14850392937660217
0.1495969444513321
0.1504749059677124
0.1481422483921051
0.14534993469715118
0.14794699847698212
0.14506767690181732
0.14569132030010223
0.14624354243278503
0.1474173218011856
0.1446312814950943
0.1472468227148056
0.1478326916694641
0.14606867730617523
0.14480024576187134
0.14625906944274902
0.1465885043144226
0.1495676189661026
0.1466197669506073
0.1456403136253357
0.14618751406669617
0.14458712935447693
0.1462150365114212
0.14795102179050446
0.14840291440486908
0.14588281512260437
0.14400850236415863
0.14822828769683838
0.1466744840145111
0.14800210297107697
0.14717307686805725
0.14687460660934448
0.14387622475624084
0.145860493183136
0.1459706872701645
0.14778576791286469
0.1457327902317047
0.14626947045326233
0.14681215584278107
0.14749181270599365
0.14671920239925385
0.14941167831420898
0.14828455448150635