0.2276799976825714
0.4135200083255768
0.5339999794960022
0.6074600219726562
0.6493600010871887
0.6756799817085266
0.6975600123405457
0.7065200209617615
0.7198799848556519
0.727620005607605
0.7333800196647644
0.7371199727058411
0.7369599938392639
0.7398800253868103
0.7470800280570984
0.7428399920463562
0.7384399771690369
0.7409399747848511
0.7387400269508362
0.7353399991989136
0.7866799831390381
0.8162400126457214
0.8220999836921692
0.8277400135993958
0.8335000276565552
0.8357999920845032
0.8391600251197815
0.8424599766731262
0.8423200249671936
0.8464800119400024
0.8514599800109863
0.8503000140190125
0.8529800176620483
0.8549200296401978
0.8565400242805481
0.8574399948120117
0.8604999780654907
0.8626599907875061
0.8641200065612793
0.8622999787330627
0.8706799745559692
0.8714600205421448
0.8745999932289124
0.8726199865341187
0.8734599947929382
0.8740800023078918
0.8740800023078918
0.8740800023078918
0.8768600225448608
0.876479983329773
0.8736799955368042
0.8770999908447266
0.8753200173377991
0.878000020980835
0.8763800263404846
0.8751599788665771
0.8782200217247009
0.8782399892807007
0.877839982509613
0.8789200186729431
0.8783400058746338
0.8791199922561646
0.8762400150299072
0.8787599802017212
0.8791400194168091
0.8774600028991699
0.8786799907684326
0.8805199861526489
0.8790000081062317
0.879360020160675
0.8792600035667419
0.8809199929237366
0.878059983253479
0.8792600035667419
0.8778799772262573
0.8804799914360046
0.8791999816894531
0.8780400156974792
0.8797199726104736
0.8794599771499634
0.8791599869728088
0.8800600171089172
0.8786799907684326
0.8767200112342834
0.8785799741744995
0.8799600005149841
0.8780199885368347
0.8784800171852112
0.8795599937438965
0.8791800141334534
0.880020022392273
0.8797799944877625
0.8798800110816956
0.8793399930000305
0.8805599808692932
0.8797199726104736
0.8805800080299377
0.8783000111579895
0.8811200261116028
0.8801599740982056
