2.019230842590332
1.5440021753311157
1.2729023694992065
1.0957385301589966
0.9871702194213867
0.9198179841041565
0.866920530796051
0.834583580493927
0.8006378412246704
0.7833853960037231
0.7624509930610657
0.7564107775688171
0.7519320845603943
0.7472895979881287
0.7344827055931091
0.7456616163253784
0.7556921243667603
0.7546114325523376
0.7547454833984375
0.7669113278388977
0.6172399520874023
0.5328511595726013
0.5132673382759094
0.4973786771297455
0.4805678129196167
0.4712977707386017
0.46203362941741943
0.45185586810112
0.44887927174568176
0.43967124819755554
0.4288129210472107
0.43009716272354126
0.4182503819465637
0.41503003239631653
0.40943291783332825
0.40487343072891235
0.4005242884159088
0.39530226588249207
0.389536052942276
0.3897334635257721
0.3674216866493225
0.3624812066555023
0.36168015003204346
0.3623925745487213
0.36037251353263855
0.3556780517101288
0.357806533575058
0.3556714951992035
0.35317522287368774
0.3559096157550812
0.3554224669933319
0.34838980436325073
0.3529692590236664
0.34715238213539124
0.3506673574447632
0.3504847586154938
0.3464656174182892
0.3448512554168701
0.3503328561782837
0.3446582555770874
0.3470747172832489
0.34375932812690735
0.3448130786418915
0.3450648784637451
0.3449021875858307
0.34700867533683777
0.34517550468444824
0.33834442496299744
0.34382542967796326
0.34202802181243896
0.34293901920318604
0.34189242124557495
0.34302887320518494
0.3448230028152466
0.3461511731147766
0.33879944682121277
0.34202131628990173
0.3449469804763794
0.3410264551639557
0.3445899486541748
0.342207670211792
0.3412714898586273
0.3427789807319641
0.34532660245895386
0.343280553817749
0.3419675827026367
0.3442389965057373
0.34146738052368164
0.3437458574771881
0.344963014125824
0.3425951302051544
0.3437942862510681
0.3409031331539154
0.34316492080688477
0.33961084485054016
0.3411444425582886
0.34023889899253845
0.34233081340789795
0.3393252491950989
0.3398607075214386
